tensor([[ 779,  989,  983,  633,  560,  390,  693,  923,  321, 1013,  246,  292,
          487,  614,  637,  418,  487,  330,  808,  273,   58,  373,  349,  845,
          568,  542,  114,  386,  330,  134,  118,  561,  239, 1013, 1013,  987,
          987,  644, 1008,   78,  246,  246,  486,  562,  962,   21,  435,  486,
          678,  459,  615,  989,  800],
        [ 783,  380, 1018, 1018,  748,  608,  334,  152,  146,  208,  173,  958,
          231,  438,  708,  444,  251,  502,  184,   47,  469,  596,  403,  940,
          373,  440,  570,  165,   33,  420,  282,  130,  365,  203,  238,  623,
          180,   61,  631,  566,  375,  675,  401,   33,  587,  881,  965,  805,
          586,  110,  537,  528,  336],
        [ 468,  816,  191,  623,  579,    3,  541,  234,  123,   30,  528,  338,
          410,  473,  124, 1010,  820,  886,  720,  718,   91,  524,  935,  910,
         1005,  755,  509,  529,  332,  277,  189,   34,  956,  609,  671,  293,
          822,  486,  433,   82,  205,  377,  671,  351,  351,  245,  411,  189,
          276,  836,  553,  553,  873],
        [ 214,  613,  418,  804,  976,  242,  242,  704,  159,  882,  296,  876,
          182,  978,   26,  315,  931,  627,   30,  811,  640, 1014, 1019,  385,
          712,  244,  422,  586,  204,  545,  578,  429,  282,  904,  874,  274,
          769,  983,  333,  773,  369,  268,  775,  760,  193,  759,  939,  220,
          773,  834,  343,  550,  584],
        [ 421,  324,  588,  609,   90,  235,   26,  839,  424,  486,  863,  285,
          698,  374,  823,  706,  663,  327,  213,  143,  906,  114,  867,  371,
          277,  655,  203,  687,  867,  172,  294,  120,  339,  184,  534,  835,
          458,  327,  873,   41,  887,   44,  607,  307,  612,  508,  570,  619,
          211,  843,  421,  433,  513],
        [ 890,  890,  994,  279, 1021,   96,  535,  433,  154,  671,  919,  781,
          643,  756,   15,  968,  665,  981,   97,  931,  332,  421,    8,  122,
          423,  851,  894,  801,  223,  390,  726,  337,  810,  856,  859,  795,
          805,  661,  288,  693,  398,  108,  573,  341,  777,  724,  145,  128,
          961,  617,  764,  890,  764],
        [ 797,  964,  595,  953,  205,  624,  745,  706,  650,   67,  830,   95,
          340,  667,  575,  844,  507,  194,  462,  525,  873,  236,  266,  309,
         1016,   33,  792,  653,  736,  842,  676,  419,  126,  246,  613,  845,
         1007,  294,  143,  706,  597,  836,   74,  553,  158,  552,  968,  928,
          496,  661,  579,  579,  290],
        [ 151,  356,  552,  419,  932,  502,  580,  757,  377,  154,   20,  134,
           98,   70,  808,  611,   71,  191,  546,   36,  422,  350,  198,  988,
          421,  840,  577,  387,   57,  628,  351,  917,  432,  262,  527,  357,
          338,  399,  327,  564, 1005,  714,   15,  199,  777,  229,  404,   77,
          421,  684,  981,  858,  708]])